1 , 5.76
0 , 25.51
1 , 24.74
2 , 46.94
3 , 59.70
4 , 64.04
5 , 66.59
6 , 68.88
7 , 71.69
8 , 56.13
9 , 53.57
10 , 61.23
11 , 63.78
12 , 65.31
13 , 65.57
14 , 60.21
15 , 58.42
16 , 65.31
17 , 67.61
18 , 61.74
19 , 59.95
20 , 66.84
21 , 69.90
22 , 63.01
23 , 60.97
24 , 68.63
25 , 70.67
26 , 64.04
27 , 62.50
28 , 69.65
29 , 71.95
30 , 64.80
31 , 63.01
32 , 71.18
33 , 72.97
34 , 65.57
35 , 64.55
36 , 63.78
37 , 71.69
38 , 73.73
39 , 67.10
40 , 65.57
41 , 65.31
42 , 65.06
43 , 64.55
44 , 64.29
45 , 71.69
46 , 73.48
47 , 67.61
48 , 65.57
49 , 65.31
50 , 64.55
51 , 64.55
52 , 72.20
53 , 74.24
54 , 68.12
55 , 66.08
56 , 65.57
57 , 65.57
58 , 65.31
59 , 64.55
60 , 64.29
61 , 71.43
62 , 73.99
63 , 67.10
64 , 65.57
65 , 64.29
66 , 64.80
67 , 72.20
68 , 74.24
69 , 68.37
70 , 66.08
71 , 65.57
72 , 65.57
73 , 65.06
74 , 64.55
75 , 64.29
76 , 71.43
77 , 74.24
78 , 67.61
79 , 65.57
80 , 65.06
81 , 65.06
82 , 64.55
83 , 64.04
84 , 71.43
85 , 73.48
86 , 67.61
87 , 65.82
88 , 64.55
89 , 64.04
90 , 71.69
91 , 73.99
92 , 67.86
93 , 66.08
94 , 66.33
95 , 65.31
96 , 64.29
97 , 64.29
98 , 70.67
99 , 73.48
100 , 67.35
101 , 65.82
102 , 65.31
103 , 64.80
104 , 64.80
105 , 71.43
106 , 73.73
107 , 68.12
108 , 66.08
109 , 65.06
110 , 64.80
111 , 63.78
112 , 71.18
113 , 73.48
114 , 67.61
115 , 66.08
116 , 65.06
117 , 64.55
118 , 64.55
119 , 71.18
120 , 73.22
121 , 67.61
122 , 66.08
123 , 65.31
124 , 65.31
125 , 65.31
126 , 64.29
127 , 63.78
128 , 70.92
129 , 73.48
130 , 67.61
131 , 65.82
132 , 65.82
133 , 64.80
134 , 64.55
135 , 72.20
136 , 74.50
137 , 67.61
138 , 66.08
139 , 65.31
140 , 65.06
141 , 64.80
142 , 64.29
143 , 71.43
144 , 73.48
145 , 66.08
146 , 64.80
147 , 64.04
148 , 71.95
149 , 74.50
150 , 67.35
151 , 65.82
152 , 65.06
153 , 65.31
154 , 64.55
155 , 63.53
156 , 70.92
157 , 73.48
158 , 67.35
159 , 65.82
160 , 64.80
161 , 64.04
162 , 70.92
163 , 73.73
164 , 66.84
165 , 65.06
166 , 64.55
167 , 64.55
168 , 71.69
169 , 73.99
170 , 68.37
171 , 67.10
172 , 65.57
173 , 65.31
174 , 65.57
175 , 64.29
176 , 63.53
177 , 71.43
178 , 73.48
179 , 67.61
180 , 65.82
181 , 64.55
182 , 64.29
183 , 71.18
184 , 73.73
185 , 67.61
186 , 66.08
187 , 65.06
188 , 64.29
189 , 64.04
190 , 71.43
191 , 73.73
192 , 68.12
193 , 65.82
194 , 65.31
195 , 64.55
196 , 64.80
197 , 71.43
198 , 73.22
199 , 67.10
200 , 66.08
201 , 64.80
202 , 63.78
203 , 71.18
204 , 73.48
205 , 67.61
206 , 65.57
207 , 65.06
208 , 65.06
209 , 64.80
210 , 64.29
211 , 70.67
212 , 73.48
213 , 67.35
214 , 65.57
215 , 64.80
216 , 64.29
217 , 70.67
218 , 73.22
219 , 67.86
220 , 65.82
221 , 65.06
222 , 64.80
223 , 64.55
224 , 71.18
225 , 73.73
226 , 68.12
227 , 66.59
228 , 65.31
229 , 65.06
230 , 64.55
231 , 64.29
232 , 71.18
233 , 73.48
234 , 67.61
235 , 65.82
236 , 65.06
237 , 64.55
238 , 64.29
239 , 71.18
240 , 73.73
241 , 67.10
242 , 64.80
243 , 64.55
244 , 71.69
245 , 73.73
246 , 67.10
247 , 65.57
248 , 65.31
249 , 65.06
250 , 64.80
251 , 64.04
252 , 70.67
253 , 72.71
254 , 67.10
255 , 64.80
256 , 64.04
257 , 71.18
258 , 73.73
259 , 67.35
260 , 65.82
261 , 64.55
262 , 64.55
263 , 70.92
264 , 73.99
265 , 67.35
266 , 65.82
267 , 65.06
268 , 64.80
269 , 64.80
270 , 70.92
271 , 73.48
272 , 67.61
273 , 65.31
274 , 65.06
275 , 64.80
276 , 64.29
277 , 70.92
278 , 73.48
279 , 67.35
280 , 66.08
281 , 65.06
282 , 64.80
283 , 64.04
284 , 70.92
285 , 73.48
286 , 67.10
287 , 65.31
288 , 64.04
289 , 64.04
290 , 71.43
291 , 73.48
292 , 67.35
293 , 65.31
294 , 65.06
295 , 64.55
296 , 64.29
297 , 70.67
298 , 73.22
299 , 67.61
300 , 65.31
301 , 64.80
302 , 64.80
303 , 70.67
304 , 73.22
305 , 67.10
306 , 65.82
307 , 64.80
308 , 64.55
309 , 71.43
310 , 72.71
311 , 67.10
312 , 65.31
313 , 64.29
314 , 64.55
315 , 71.69
316 , 73.99
317 , 67.35
318 , 65.57
319 , 65.06
320 , 64.55
321 , 64.04
322 , 71.43
323 , 73.48
324 , 66.59
325 , 65.57
326 , 64.80
327 , 64.55
328 , 71.43
329 , 73.22
330 , 67.10
331 , 65.06
332 , 64.29
333 , 63.53
334 , 71.18
335 , 73.48
336 , 67.35
337 , 65.31
338 , 65.31
339 , 64.29
340 , 64.04
341 , 71.18
342 , 73.22
343 , 66.33
344 , 65.06
345 , 64.29
346 , 64.04
347 , 70.67
348 , 73.22
349 , 67.10
350 , 65.31
351 , 64.55
352 , 64.29
353 , 71.18
354 , 73.48
355 , 67.61
356 , 65.31
357 , 64.80
358 , 64.04
359 , 71.69
360 , 73.73
361 , 67.10
362 , 65.57
363 , 65.06
364 , 64.29
365 , 64.04
366 , 70.41
367 , 73.22
368 , 66.84
369 , 65.31
370 , 65.31
371 , 64.55
372 , 64.04
373 , 70.67
374 , 72.97
375 , 66.84
376 , 64.80
377 , 64.29
378 , 70.92
379 , 73.48
380 , 66.84
381 , 65.06
382 , 64.55
383 , 63.53
384 , 71.69
385 , 73.48
386 , 66.59
387 , 65.31
388 , 64.29
389 , 63.78
390 , -8.43
391 , 73.22
392 , 73.48
393 , 66.84
394 , 65.06
395 , 64.29
396 , 64.29
397 , 71.69
398 , 73.73
399 , 67.10
400 , 65.06
401 , 64.80
402 , 64.55
403 , 71.43
404 , 73.22
405 , 67.61
406 , 65.82
407 , 65.31
408 , 64.55
409 , 64.80
410 , 71.43
411 , 73.73
412 , 67.35
413 , 65.57
414 , 64.55
415 , 63.78
416 , 70.67
417 , 73.22
418 , 67.35
419 , 65.06
420 , 64.29
421 , 63.53
422 , 70.16
423 , 73.48
424 , 67.10
425 , 64.80
426 , 64.29
427 , 71.43
428 , 73.48
429 , 66.84
430 , 65.31
431 , 64.29
432 , 63.78
433 , 70.16
434 , 72.46
435 , 66.59
436 , 65.06
437 , 64.04
438 , 63.78
439 , 70.16
440 , 72.97
441 , 66.84
442 , 65.31
443 , 64.29
444 , 64.04
445 , 71.18
446 , 72.71
447 , 67.61
448 , 65.31
449 , 64.55
450 , 64.04
451 , 70.67
452 , 73.22
453 , 67.10
454 , 65.31
455 , 64.29
456 , 63.53
457 , 70.67
458 , 72.97
459 , 67.10
460 , 65.57
461 , 64.80
462 , 64.55
463 , 71.95
464 , 73.73
465 , 66.84
466 , 65.31
467 , 64.55
468 , 64.29
469 , 71.43
470 , 73.48
471 , 66.08
472 , 64.55
473 , 63.53
474 , 70.67
475 , 72.97
476 , 66.08
477 , 64.80
478 , 64.04
479 , 70.41
480 , 73.22
481 , 66.08
482 , 64.29
483 , 64.04
484 , 71.18
485 , 73.22
486 , 66.59
487 , 65.06
488 , 63.78
489 , 64.29
490 , 71.43
491 , 73.22
492 , 65.57
493 , 64.29
494 , 64.55
495 , 70.92
496 , 73.48
497 , 66.59
498 , 65.82
499 , 64.80
500 , 64.80
501 , 71.69
502 , 73.48
503 , 67.10
504 , 65.57
505 , 64.55
506 , 64.55
507 , 71.43
508 , 73.48
509 , 67.35
510 , 65.82
511 , 64.80
512 , 64.29
513 , 71.18
514 , 73.99
515 , 67.10
516 , 65.82
517 , 64.55
518 , 64.80
519 , 70.92
520 , 73.48
521 , 67.10
522 , 65.31
523 , 64.04
524 , 63.78
525 , 70.41
526 , 73.22
527 , 67.10
528 , 65.31
529 , 64.55
530 , 63.53
531 , 71.18
532 , 73.22
533 , 67.35
534 , 66.08
535 , 64.80
536 , 64.55
537 , 71.18
538 , 73.22
539 , 67.61
540 , 65.82
541 , 64.80
542 , 65.31
543 , 71.43
544 , 67.10
545 , 65.31
546 , 64.04
547 , 64.29
548 , 70.67
549 , 72.71
550 , 65.82
551 , 64.80
552 , 64.29
553 , 71.18
554 , 73.48
555 , 67.10
556 , 65.57
557 , 64.29
558 , 63.78
559 , 70.92
560 , 72.97
561 , 66.84
562 , 65.06
563 , 64.80
564 , 64.04
565 , 70.67
566 , 73.22
567 , 66.84
568 , 65.06
569 , 64.04
570 , 63.53
571 , 71.18
572 , 72.71
573 , 66.33
574 , 64.55
575 , 63.78
576 , 70.92
577 , 73.22
578 , 66.33
579 , 64.80
580 , 63.78
581 , 70.67
582 , 73.48
583 , 66.84
584 , 65.31
585 , 64.55
586 , 64.29
587 , 70.41
588 , 73.48
589 , 66.84
590 , 64.80
591 , 64.29
592 , 71.18
593 , 72.97
594 , 66.84
595 , 65.31
596 , 64.55
597 , 64.04
598 , 69.65
599 , 72.97
600 , 66.84
601 , 64.80
602 , 64.29
603 , 71.18
604 , 72.71
605 , 67.35
606 , 65.57
607 , 64.80
608 , 64.29
609 , 70.92
610 , 71.95
611 , 66.59
612 , 65.31
613 , 64.29
614 , 64.29
615 , 70.41
616 , 71.95
617 , 66.33
618 , 64.55
619 , 64.04
620 , 70.67
621 , 72.97
622 , 66.59
623 , 65.31
624 , 63.78
625 , 64.04
626 , 70.41
627 , 72.97
628 , 66.84
629 , 64.80
630 , 64.29
631 , 71.18
632 , 73.48
633 , 67.10
634 , 65.57
635 , 64.29
636 , 65.06
637 , 71.69
638 , 66.84
639 , 64.80
640 , 64.80
641 , 70.67
642 , 72.71
643 , 66.08
644 , 65.06
645 , 64.29
646 , 63.01
647 , 70.67
648 , 72.71
649 , 66.84
650 , 65.06
651 , 64.29
652 , 63.53
653 , 70.41
654 , 72.46
655 , 66.33
656 , 64.55
657 , 64.04
658 , 70.67
659 , 72.46
660 , 66.59
661 , 65.06
662 , 64.29
663 , 63.78
664 , 70.67
665 , 71.95
666 , 66.84
667 , 65.06
668 , 64.55
669 , 64.04
670 , 70.92
671 , 73.22
672 , 66.59
673 , 65.57
674 , 64.55
675 , 64.29
676 , 70.92
677 , 72.46
678 , 67.10
679 , 64.55
680 , 64.29
681 , 70.92
682 , 72.71
683 , 67.35
684 , 65.06
685 , 65.06
686 , 64.55
687 , 64.29
688 , 70.92
689 , 72.20
690 , 66.84
691 , 64.80
692 , 64.29
693 , 70.67
694 , 73.48
695 , 67.10
696 , 65.06
697 , 64.29
698 , 63.53
699 , 69.90
700 , 71.95
701 , 67.10
702 , 65.06
703 , 64.55
704 , 63.78
705 , 70.67
706 , 72.20
707 , 66.59
708 , 64.55
709 , 64.80
710 , 70.92
711 , 73.22
712 , 67.61
713 , 65.31
714 , 64.55
715 , 64.04
716 , 71.43
717 , 73.22
718 , 67.35
719 , 64.80
720 , 64.80
721 , 71.69
722 , 73.22
723 , 67.10
724 , 65.57
725 , 64.80
726 , 64.04
727 , 71.18
728 , 72.46
729 , 66.33
730 , 64.80
731 , 64.80
732 , 71.18
733 , 73.73
734 , 67.86
735 , 65.82
736 , 65.06
737 , 64.55
738 , 63.78
739 , 71.18
740 , 73.22
741 , 67.35
742 , 65.06
743 , 64.55
744 , 64.80
745 , 70.92
746 , 73.48
747 , 66.59
748 , 64.55
749 , 64.55
750 , 71.18
751 , 72.97
752 , 67.61
753 , 65.82
754 , 64.80
755 , 64.80
756 , 71.43
757 , 73.48
758 , 66.59
759 , 65.31
760 , 64.55
761 , 64.29
762 , 71.18
763 , 73.22
764 , 66.84
765 , 65.06
766 , 64.80
767 , 64.55
768 , 70.92
769 , 72.97
770 , 66.08
771 , 64.29
772 , 64.29
773 , 70.41
774 , 73.48
775 , 67.10
776 , 65.31
777 , 64.80
778 , 64.04
779 , 70.92
780 , 72.71
781 , 66.33
782 , 64.80
783 , 64.04
784 , 70.92
785 , 72.71
786 , 66.84
787 , 65.57
788 , 64.80
789 , 64.29
790 , 71.18
791 , 72.71
792 , 67.10
793 , 65.06
794 , 64.55
795 , 64.04
796 , 70.16
797 , 72.46
798 , 66.08
799 , 64.80
800 , 64.04
801 , 70.67
802 , 72.97
803 , 66.84
804 , 65.82
805 , 65.06
806 , 64.80
807 , 63.27
808 , 69.90
809 , 71.95
810 , 65.82
811 , 64.29
812 , 63.01
813 , 70.41
814 , 72.20
815 , 66.33
816 , 64.55
817 , 63.53
818 , 70.92
819 , 72.71
820 , 66.84
821 , 64.80
822 , 64.55
823 , 71.18
824 , 72.46
825 , 66.84
826 , 65.57
827 , 64.55
828 , 64.29
829 , 70.67
830 , 72.97
831 , 66.84
832 , 65.57
833 , 64.80
834 , 64.04
835 , 71.18
836 , 72.46
837 , 66.59
838 , 65.06
839 , 64.29
840 , 63.27
841 , 70.41
842 , 72.20
843 , 66.59
844 , 64.80
845 , 63.78
846 , 70.41
847 , 72.97
848 , 66.84
849 , 65.57
850 , 64.55
851 , 64.04
852 , 71.18
853 , 73.48
854 , 67.35
855 , 64.80
856 , 64.55
857 , 70.92
858 , 72.97
859 , 66.84
860 , 65.06
861 , 64.80
862 , 63.78
863 , 70.16
864 , 72.97
865 , 67.10
866 , 65.06
867 , 64.29
868 , 63.78
869 , 71.18
870 , 73.73
871 , 67.10
872 , 65.06
873 , 64.29
874 , 63.53
875 , 70.16
876 , 72.46
877 , 66.33
878 , 64.80
879 , 63.78
880 , 70.92
881 , 73.22
882 , 66.59
883 , 65.06
884 , 64.04
885 , 64.04
886 , 70.16
887 , 71.95
888 , 66.84
889 , 64.29
890 , 64.04
891 , 71.18
892 , 73.22
893 , 66.84
894 , 64.80
895 , 64.55
896 , 70.92
897 , 73.22
898 , 66.84
899 , 65.57
901 , 64.29
902 , 63.53
903 , 70.67
904 , 72.97
905 , 67.10
906 , 65.57
907 , 64.55
908 , 64.29
909 , 70.92
910 , 71.95
911 , 66.84
912 , 64.55
913 , 64.29
914 , 70.41
915 , 72.20
916 , 66.59
917 , 65.31
918 , 64.04
919 , 63.78
920 , 70.67
921 , 73.22
922 , 66.59
923 , 65.06
924 , 64.04
925 , 63.78
926 , 70.41
927 , 72.20
928 , 66.84
929 , 64.55
930 , 64.04
931 , 70.92
932 , 72.97
933 , 67.10
934 , 65.06
935 , 64.29
936 , 64.29
937 , 70.67
938 , 73.48
939 , 66.33
940 , 64.55
941 , 64.04
942 , 70.41
943 , 72.71
944 , 66.59
945 , 64.55
946 , 63.78
947 , 70.41
948 , 72.71
949 , 67.10
950 , 65.06
951 , 64.55
952 , 63.27
953 , 70.67
954 , 72.71
955 , 66.84
956 , 64.80
957 , 64.55
958 , 70.92
959 , 72.97
960 , 66.84
961 , 64.55
962 , 64.55
963 , 70.67
964 , 72.97
965 , 67.61
966 , 65.57
967 , 64.80
968 , 64.04
969 , 71.18
970 , 73.99
971 , 67.10
972 , 65.82
973 , 65.06
974 , 64.04
975 , 64.29
976 , 71.18
977 , 72.97
978 , 66.59
979 , 65.06
980 , 64.04
981 , 63.53
982 , 70.41
983 , 72.20
984 , 65.82
985 , 64.04
986 , 63.01
987 , 70.16
988 , 71.43
989 , 66.08
990 , 64.55
991 , 63.53
992 , 69.90
993 , 72.20
994 , 66.59
995 , 65.06
996 , 63.53
997 , 63.53
998 , 70.67
999 , 71.95
1000 , 65.82
1001 , 64.55
1002 , 64.04
1003 , 70.41
1004 , 72.71
1005 , 65.82
1006 , 64.29
1007 , 63.78
1008 , 70.16
1009 , 72.20
1010 , 66.59
1011 , 64.55
1012 , 64.04
1013 , 70.16
1014 , 72.46
1015 , 66.33
1016 , 65.06
1017 , 64.29
1018 , 63.53
1019 , 69.90
1020 , 72.46
1021 , 66.59
1022 , 64.55
1023 , 63.78
1024 , 70.41
1025 , 72.46
1026 , 66.33
1027 , 64.55
1028 , 63.01
1029 , 70.67
1030 , 72.46
1031 , 65.82
1032 , 64.80
1033 , 64.04
1034 , 70.41
1035 , 72.46
1036 , 66.33
1037 , 65.06
1038 , 64.04
1039 , 63.53
1040 , 69.65
1041 , 71.69
1042 , 65.82
1043 , 64.04
1044 , 63.27
1045 , 69.39
1046 , 71.18
1047 , 65.82
1048 , 63.78
1049 , 63.01
1050 , 69.65
1051 , 72.20
1052 , 66.08
1053 , 64.80
1054 , 64.04
1055 , 70.16
1056 , 72.20
1057 , 66.59
1058 , 64.80
1059 , 63.78
1060 , 70.67
1061 , 72.46
1062 , 66.59
1063 , 65.31
1064 , 64.04
1065 , 63.53
1066 , 69.90
1067 , 71.95
1068 , 66.33
1069 , 65.06
1070 , 63.53
1071 , 63.53
1072 , 69.65
1073 , 71.43
1074 , 66.08
1075 , 64.04
1076 , 63.01
1077 , 69.65
1078 , 71.95
1079 , 66.33
1080 , 64.55
1081 , 63.27
1082 , 69.65
1083 , 71.95
1084 , 66.84
1085 , 64.55
1086 , 63.78
1087 , 70.41
1088 , 72.71
1089 , 66.33
1090 , 64.80
1091 , 64.04
1092 , 69.90
1093 , 71.95
1094 , 66.33
1095 , 64.55
1096 , 64.04
1097 , 70.67
1098 , 72.46
1099 , 66.59
1100 , 64.55
1101 , 63.78
1102 , 70.67
1103 , 72.46
1104 , 66.84
1105 , 64.80
1106 , 64.04
1107 , 70.41
1108 , 72.71
1109 , 66.59
1110 , 65.06
1111 , 64.55
1112 , 63.53
1113 , 70.16
1114 , 71.69
1115 , 65.82
1116 , 64.55
1117 , 64.29
1118 , 70.41
1119 , 72.20
1120 , 66.08
1121 , 65.06
1122 , 64.04
1123 , 63.53
1124 , 70.16
1125 , 72.20
1126 , 66.08
1127 , 64.55
1128 , 64.04
1129 , 70.41
1130 , 71.95
1131 , 66.08
1132 , 64.29
1133 , 64.04
1134 , 69.90
1135 , 72.97
1136 , 66.84
1137 , 65.31
1138 , 64.04
1139 , 63.78
1140 , 69.90
1141 , 72.20
1142 , 66.59
1143 , 64.80
1144 , 64.04
1145 , 70.16
1146 , 71.95
1147 , 66.33
1148 , 64.80
1149 , 64.29
1150 , 70.41
1151 , 71.95
1152 , 66.33
1153 , 65.06
1154 , 64.04
1155 , 63.78
1156 , 70.67
1157 , 71.95
1158 , 66.08
1159 , 64.29
1160 , 63.27
1161 , 70.16
1162 , 71.69
1163 , 65.57
1164 , 63.53
1165 , 63.27
1166 , 68.88
1167 , 71.95
1168 , 65.82
1169 , 64.55
1170 , 63.53
1171 , 70.16
1172 , 71.43
1173 , 66.33
1174 , 64.80
1175 , 64.55
1176 , 70.67
1177 , 72.20
1178 , 66.84
1179 , 64.55
1180 , 64.29
1181 , 70.67
1182 , 72.20
1183 , 66.59
1184 , 65.06
1185 , 64.29
1186 , 63.78
1187 , 70.41
1188 , 72.71
1189 , 66.33
1190 , 64.55
1191 , 63.53
1192 , 69.65
1193 , 71.43
1194 , 65.82
1195 , 64.04
1196 , 63.78
1197 , 69.65
1198 , 71.95
1199 , 66.33
1200 , 64.55
1201 , 63.01
1202 , 69.65
1203 , 72.20
1204 , 65.82
1205 , 63.78
1206 , 63.78
1207 , 69.90
1208 , 72.20
1209 , 65.57
1210 , 64.04
1211 , 63.27
1212 , 69.90
1213 , 71.69
1214 , 65.82
1215 , 63.53
1216 , 63.27
1217 , 69.39
1218 , 71.43
1219 , 65.57
1220 , 63.78
1221 , 63.27
1222 , 69.39
1223 , 71.95
1224 , 65.06
1225 , 64.29
1226 , 63.27
1227 , 69.90
1228 , 71.95
1229 , 65.31
1230 , 64.04
1231 , 63.78
1232 , 70.41
1233 , 72.46
1234 , 65.82
1235 , 64.55
1236 , 63.78
1237 , 69.14
1238 , 71.95
1239 , 66.08
1240 , 64.80
1241 , 63.27
1242 , 70.16
1243 , 72.20
1244 , 65.82
1245 , 64.55
1246 , 63.01
1247 , 69.90
1248 , 71.95
1249 , 66.08
1250 , 64.55
1251 , 63.78
1252 , 69.90
1253 , 71.95
1254 , 66.08
1255 , 64.55
1256 , 63.78
1257 , 70.41
1258 , 72.71
1259 , 66.33
1260 , 64.80
1261 , 64.04
1262 , 70.16
1263 , 71.95
1264 , 66.59
1265 , 64.29
1266 , 63.78
1267 , 69.90
1268 , 72.20
1269 , 66.08
1270 , 64.29
1271 , 63.78
1272 , 69.90
1273 , 72.46
1274 , 66.33
1275 , 64.29
1276 , 63.78
1277 , 69.65
1278 , 72.46
1279 , 66.08
1280 , 64.55
1281 , 63.53
1282 , 69.90
1283 , 71.69
1284 , 66.08
1285 , 64.80
1286 , 64.29
1287 , 70.16
1288 , 72.46
1289 , 66.59
1290 , 65.06
1291 , 63.53
1292 , 63.01
1293 , 69.90
1294 , 71.69
1295 , 65.57
1296 , 63.78
1297 , 63.01
1298 , 69.65
1299 , 71.43
1300 , 65.82
1301 , 63.78
1302 , 63.27
1303 , 69.39
1304 , 71.95
1305 , 65.82
1306 , 64.55
1307 , 63.53
1308 , 69.65
1309 , 71.43
1310 , 65.82
1311 , 64.29
1312 , 63.78
1313 , 69.14
1314 , 71.69
1315 , 66.08
1316 , 64.55
1317 , 63.53
1318 , 69.90
1319 , 71.95
1320 , 66.08
1321 , 64.29
1322 , 63.27
1323 , 69.65
1324 , 71.69
1325 , 65.82
1326 , 64.04
1327 , 63.27
1328 , 70.16
1329 , 72.46
1330 , 66.33
1331 , 64.80
1332 , 64.04
1333 , 70.67
1334 , 72.46
1335 , 66.84
1336 , 64.55
1337 , 63.78
1338 , 70.16
1339 , 71.95
1340 , 66.08
1341 , 64.04
1342 , 63.78
1343 , 70.41
1344 , 72.71
1345 , 66.08
1346 , 64.29
1347 , 63.78
1348 , 70.41
1349 , 72.20
1350 , 66.08
1351 , 64.29
1352 , 63.53
1353 , 69.90
1354 , 71.95
1355 , 66.08
1356 , 64.04
1357 , 63.78
1358 , 69.65
1359 , 71.69
1360 , 66.33
1361 , 64.29
1362 , 63.53
1363 , 69.90
1364 , 72.20
1365 , 66.08
1366 , 64.29
1367 , 64.04
1368 , 69.90
1369 , 71.69
1370 , 66.08
1371 , 64.29
1372 , 63.78
1373 , 69.39
1374 , 71.18
1375 , 65.57
1376 , 64.04
1377 , 63.01
1378 , 69.39
1379 , 70.92
1380 , 65.31
1381 , 63.27
1382 , 62.76
1383 , 69.90
1384 , 70.67
1385 , 64.29
1386 , 63.27
1387 , 69.90
1388 , 71.95
1389 , 65.06
1390 , 64.29
1391 , 63.27
1392 , 70.16
1393 , 72.20
1394 , 65.57
1395 , 64.29
1396 , 63.27
1397 , 69.65
1398 , 72.20
1399 , 66.08
1400 , 63.78
1401 , 63.53
1402 , 69.39
1403 , 71.69
1404 , 65.31
1405 , 64.04
1406 , 63.01
1407 , 69.90
1408 , 71.43
1409 , 65.57
1410 , 63.78
1411 , 63.78
1412 , 69.90
1413 , 71.95
1414 , 65.82
1415 , 64.55
1416 , 63.78
1417 , 69.65
1418 , 71.95
1419 , 65.82
1420 , 63.78
1421 , 63.53
1422 , 69.39
1423 , 72.20
1424 , 65.57
1425 , 64.04
1426 , 63.01
1427 , 69.90
1428 , 71.18
1429 , 65.31
1430 , 64.55
1431 , 63.78
1432 , 69.90
1433 , 71.69
1434 , 65.57
1435 , 64.29
1436 , 63.78
1437 , 70.16
1438 , 71.95
1439 , 65.31
1440 , 63.78
1441 , 63.01
1442 , 69.65
1443 , 71.69
1444 , 65.31
1445 , 64.29
1446 , 63.27
1447 , 70.16
1448 , 72.20
1449 , 65.31
1450 , 64.04
1451 , 63.78
1452 , 70.16
1453 , 70.92
1454 , 65.06
1455 , 63.78
1456 , 63.27
1457 , 70.16
1458 , 71.69
1459 , 65.82
1460 , 64.04
1461 , 63.53
1462 , 69.65
1463 , 71.43
1464 , 65.57
1465 , 63.53
1466 , 63.27
1467 , 69.90
1468 , 71.43
1469 , 65.31
1470 , 63.78
1471 , 62.50
1472 , 69.65
1473 , 71.69
1474 , 65.31
1475 , 64.04
1476 , 62.76
1477 , 69.39
1478 , 71.69
1479 , 64.80
1480 , 64.04
1481 , 70.16
1482 , 72.46
1483 , 65.82
1484 , 64.55
1485 , 63.78
1486 , 70.16
1487 , 72.20
1488 , 65.57
1489 , 64.29
1490 , 63.53
1491 , 70.16
1492 , 71.95
1493 , 65.57
1494 , 63.78
1495 , 63.53
1496 , 69.65
1497 , 71.95
1498 , 65.82
1499 , 64.04
1500 , 63.53
1501 , 69.39
1502 , 71.43
1503 , 65.82
1504 , 63.78
1505 , 63.27
1506 , 69.90
1507 , 71.95
1508 , 65.57
1509 , 64.04
1510 , 63.01
1511 , 69.90
1512 , 71.95
1513 , 65.82
1514 , 64.55
1515 , 63.27
1516 , 69.65
1517 , 71.43
1518 , 65.82
1519 , 64.29
1520 , 63.53
1521 , 69.90
1522 , 72.20
1523 , 66.33
1524 , 63.78
1525 , 63.53
1526 , 69.65
1527 , 71.69
1528 , 65.82
1529 , 63.78
1530 , 63.27
1531 , 69.14
1532 , 71.69
1533 , 65.57
1534 , 63.53
1535 , 63.53
1536 , 69.65
1537 , 71.43
1538 , 65.57
1539 , 63.53
1540 , 63.01
1541 , 69.39
1542 , 71.18
1543 , 64.80
1544 , 63.53
1545 , 69.90
1546 , 71.69
1547 , 66.08
1548 , 64.55
1549 , 63.53
1550 , 69.90
1551 , 71.69
1552 , 65.57
1553 , 64.29
1554 , 63.27
1555 , 69.65
1556 , 71.43
1557 , 65.82
1558 , 63.78
1559 , 62.76
1560 , 69.90
1561 , 72.20
1562 , 65.31
1563 , 64.04
1564 , 63.01
1565 , 69.65
1566 , 71.18
1567 , 64.80
1568 , 62.76
1569 , 68.88
1570 , 71.18
1571 , 65.06
1572 , 62.76
1573 , 62.50
1574 , 68.12
1575 , 71.18
1576 , 64.55
1577 , 62.76
1578 , 69.39
1579 , 71.43
1580 , 64.55
1581 , 63.53
1582 , 69.65
1583 , 71.18
1584 , 65.06
1585 , 62.76
1586 , 62.50
1587 , 68.63
1588 , 71.18
1589 , 65.06
1590 , 63.53
1591 , 62.76
1592 , 69.39
1593 , 71.18
1594 , 64.80
1595 , 63.53
1596 , 69.39
1597 , 71.18
1598 , 65.31
1599 , 64.04
1600 , 63.01
1601 , 69.39
1602 , 71.18
1603 , 65.31
1604 , 63.53
1605 , 62.76
1606 , 69.14
1607 , 71.43
1608 , 64.55
1609 , 62.76
1610 , 69.39
1611 , 71.18
1612 , 64.80
1613 , 63.53
1614 , 69.90
1615 , 71.43
1616 , 65.06
1617 , 64.29
1618 , 63.53
1619 , 69.65
1620 , 71.95
1621 , 65.82
1622 , 64.04
1623 , 63.53
1624 , 69.65
1625 , 71.69
1626 , 66.08
1627 , 64.29
1628 , 63.01
1629 , 69.90
1630 , 71.18
1631 , 65.31
1632 , 64.04
1633 , 63.27
1634 , 70.16
1635 , 71.69
1636 , 65.31
1637 , 63.53
1638 , 63.27
1639 , 69.65
1640 , 70.92
1641 , 65.06
1642 , 63.53
1643 , 62.76
1644 , 68.63
1645 , 70.67
1646 , 65.06
1647 , 62.76
1648 , 62.25
1649 , 68.88
1650 , 70.92
1651 , 64.80
1652 , 63.01
1653 , 69.14
1654 , 71.18
1655 , 65.06
1656 , 62.50
1657 , 61.99
1658 , 68.88
1659 , 71.18
1660 , 64.55
1661 , 63.01
1662 , 69.65
1663 , 70.67
1664 , 64.80
1665 , 63.27
1666 , 69.65
1667 , 71.69
1668 , 65.57
1669 , 63.53
1670 , 62.50
1671 , 69.14
1672 , 71.95
1673 , 65.57
1674 , 63.53
1675 , 63.27
1676 , 69.90
1677 , 71.18
1678 , 65.57
1679 , 64.04
1680 , 63.27
1681 , 69.65
1682 , 71.95
1683 , 65.82
1684 , 63.53
1685 , 62.76
1686 , 68.88
1687 , 71.18
1688 , 65.57
1689 , 63.78
1690 , 62.76
1691 , 69.65
1692 , 71.43
1693 , 65.31
1694 , 63.78
1695 , 63.27
1696 , 69.14
1697 , 70.92
1698 , 65.31
1699 , 63.78
1700 , 63.27
1701 , 69.39
1702 , 71.95
1703 , 65.57
1704 , 64.55
1705 , 63.78
1706 , 69.90
1707 , 71.95
1708 , 65.31
1709 , 63.78
1710 , 63.78
1711 , 69.65
1712 , 71.18
1713 , 65.06
1714 , 63.78
1715 , 61.74
1716 , 69.65
1717 , 71.69
1718 , 65.82
1719 , 63.78
1720 , 63.01
1721 , 69.90
1722 , 71.69
1723 , 65.57
1724 , 63.78
1725 , 63.53
1726 , 69.65
1727 , 71.43
1728 , 65.31
1729 , 64.04
1730 , 63.01
1731 , 69.14
1732 , 70.92
1733 , 64.80
1734 , 63.78
1735 , 69.65
1736 , 71.18
1737 , 65.82
1738 , 64.04
1739 , 63.27
1740 , 69.65
1741 , 72.20
1742 , 66.08
1743 , 64.04
1744 , 63.01
1745 , 68.88
1746 , 71.18
1747 , 65.06
1748 , 63.01
1749 , 63.01
1750 , 69.14
1751 , 71.18
1752 , 65.06
1753 , 63.53
1754 , 62.76
1755 , 68.88
1756 , 70.92
1757 , 65.31
1758 , 63.27
1759 , 62.25
1760 , 69.39
1761 , 71.18
1762 , 65.06
1763 , 63.53
1764 , 63.01
1765 , 69.14
1767 , 71.18
1768 , 65.57
1769 , 64.04
1770 , 63.78
1771 , 69.39
1772 , 71.18
1773 , 65.57
1774 , 64.04
1775 , 63.01
1776 , 69.65
1777 , 71.43
1778 , 65.31
1779 , 64.29
1780 , 63.53
1781 , 69.14
1782 , 71.18
1783 , 65.06
1784 , 63.53
1785 , 63.01
1786 , 69.14
1787 , 71.18
1788 , 64.80
1789 , 63.53
1790 , 69.39
1791 , 71.43
1792 , 65.57
1793 , 63.53
1794 , 63.27
1795 , 69.65
1796 , 71.95
1797 , 66.08
1798 , 64.29
1799 , 63.53
1800 , 69.65
1801 , 70.67
1802 , 65.31
1803 , 63.53
1804 , 63.27
1805 , 69.14
1806 , 71.95
